t_end=3.000000
time_step=0.100000
-40.326266